20210101 1
20210102 1
20210103 0
20210104 0
20210105 1
20210106 1
20210107 1
20210108 1
20210109 0
20210110 1
20210111 0
20210112 0
20210113 1
20210114 1
20210115 1
20210116 1
20210117 0
20210118 0
20210119 1
20210120 0
20210121 1
20210122 0
20210123 0
20210124 1
20210125 0
20210126 1
20210127 0
20210128 1
20210129 1
20210130 0
20210131 0
20210201 1
20210202 0
20210203 0
20210204 0
20210205 0
20210206 1
20210207 1
20210208 1
20210209 1
20210210 1
20210211 1
20210212 0
20210213 0
20210214 1
20210215 1
20210216 0
20210217 0
20210218 1
20210219 1
20210220 0
20210221 1
20210222 0
20210223 1
20210224 1
20210225 1
20210226 0
20210227 1
20210228 0
20210301 0
20210302 0
20210303 1
20210304 0
20210305 1
20210306 0
20210307 1
20210308 1
20210309 0
20210310 0
20210311 0
20210312 1
20210313 1
20210314 0
20210315 1
20210316 1
20210317 1
20210318 0
20210319 1
20210320 0
20210321 1
20210322 0
20210323 1
20210324 0
20210325 1
20210326 0
20210327 1
20210328 0
20210329 1
20210330 1
20210331 0
20210401 0
20210402 1
20210403 1
20210404 1
20210405 1
20210406 0
20210407 0
20210408 0
20210409 1
20210410 1
20210411 0
20210412 0
20210413 1
20210414 0
20210415 1
20210416 1
20210417 1
20210418 0
20210419 1
20210420 1
20210421 0
20210422 0
20210423 0
20210424 1
20210425 0
20210426 1
20210427 1
20210428 0
20210429 0
20210430 0
20210501 1
20210502 1
20210503 0
20210504 1
20210505 0
20210506 1
20210507 0
20210508 0
20210509 0
20210510 0
20210511 1
20210512 0
20210513 0
20210514 0
20210515 0
20210516 0
20210517 1
20210518 1
20210519 1
20210520 0
20210521 1
20210522 0
20210523 1
20210524 1
20210525 1
20210526 0
20210527 1
20210528 1
20210529 1
20210530 1
20210531 1
20210601 1
20210602 0
20210603 0
20210604 1
20210605 1
20210606 0
20210607 1
20210608 1
20210609 0
20210610 0
20210611 0
20210612 1
20210613 0
20210614 0
20210615 0
20210616 1
20210617 1
20210618 1
20210619 1
20210620 1
20210621 0
20210622 1
20210623 1
20210624 1
20210625 0
20210626 1
20210627 0
20210628 0
20210629 0
20210630 1
20210701 1
20210702 1
20210703 0
20210704 1
20210705 0
20210706 0
20210707 1
20210708 1
20210709 1
20210710 0
20210711 0
20210712 0
20210713 0
20210714 0
20210715 0
20210716 0
20210717 1
20210718 0
20210719 1
20210720 1
20210721 0
20210722 0
20210723 1
20210724 1
20210725 0
20210726 1
20210727 1
20210728 0
20210729 1
20210730 0
20210731 1
20210801 1
20210802 0
20210803 1
20210804 1
20210805 1
20210806 0
20210807 0
20210808 1
20210809 0
20210810 0
20210811 0
20210812 1
20210813 1
20210814 1
20210815 0
20210816 1
20210817 1
20210818 0
20210819 1
20210820 1
20210821 0
20210822 1
20210823 0
20210824 1
20210825 1
20210826 1
20210827 0
20210828 0
20210829 0
20210830 0
20210831 1
20210901 1
20210902 1
20210903 1
20210904 1
20210905 1
20210906 0
20210907 1
20210908 1
20210909 1
20210910 1
20210911 1
20210912 0
20210913 0
20210914 0
20210915 0
20210916 1
20210917 0
20210918 1
20210919 1
20210920 1
20210921 0
20210922 0
20210923 0
20210924 0
20210925 0
20210926 0
20210927 0
20210928 0
20210929 1
20210930 1
20211001 0
20211002 0
20211003 0
20211004 0
20211005 1
20211006 0
20211007 0
20211008 0
20211009 0
20211010 1
20211011 1
20211012 1
20211013 0
20211014 0
20211015 0
20211016 0
20211017 0
20211018 0
20211019 1
20211020 1
20211021 1
20211022 1
20211023 1
20211024 1
20211025 1
20211026 0
20211027 0
20211028 0
20211029 0
20211030 0
20211031 1
20211101 1
20211102 1
20211103 1
20211104 0
20211105 0
20211106 1
20211107 0
20211108 1
20211109 1
20211110 1
20211111 1
20211112 0
20211113 0
20211114 1
20211115 1
20211116 0
20211117 1
20211118 0
20211119 1
20211120 0
20211121 0
20211122 1
20211123 1
20211124 1
20211125 0
20211126 1
20211127 0
20211128 0
20211129 1
20211130 0
20211201 0
20211202 1
20211203 1
20211204 1
20211205 1
20211206 0
20211207 0
20211208 0
20211209 1
20211210 0
20211211 0
20211212 1
20211213 1
20211214 1
20211215 1
20211216 1
20211217 1
20211218 1
20211219 1
20211220 0
20211221 1
20211222 0
20211223 0
20211224 0
20211225 1
20211226 0
20211227 0
20211228 1
20211229 0
20211230 0
20211231 0
